const gdouble _GQR_SINE_LOOKUP[] = 
  {4.79425538604202894355e-01, 4.73165546419173521642e-01,
   4.66881571276970830375e-01, 4.60573931688330939771e-01,
   4.54242947363451721188e-01, 4.47888939195785706904e-01,
   4.41512229245776322006e-01, 4.35113140724533609127e-01,
   4.28691997977453165269e-01, 4.22249126467773905347e-01,
   4.15784852760083423195e-01, 4.09299504503764566277e-01,
   4.02793410416389996431e-01, 3.96266900267058130858e-01,
   3.89720304859680233278e-01, 3.83153956016212271507e-01,
   3.76568186559837647653e-01, 3.69963330298095527393e-01,
   3.63339722005962761919e-01, 3.56697697408884739634e-01,
   3.50037593165760274605e-01, 3.43359746851875480278e-01,
   3.36664496941794511020e-01, 3.29952182792203119188e-01,
   3.23223144624709690653e-01, 3.16477723508597874602e-01,
   3.09716261343541021667e-01, 3.02939100842271546998e-01,
   2.96146585513212046159e-01, 2.89339059643061446980e-01,
   2.82516868279346300419e-01, 2.75680357212930493560e-01,
   2.68829872960490490197e-01, 2.61965762746948827022e-01,
   2.55088374487876579089e-01, 2.48198056771857938907e-01,
   2.41295158842823098677e-01, 2.34380030582344078827e-01,
   2.27453022491902190350e-01, 2.20514485675121579833e-01,
   2.13564771819974852374e-01, 2.06604233180954777183e-01,
   1.99633222561221596036e-01, 1.92652093294719828354e-01,
   1.85661199228270984429e-01, 1.78660894703635664271e-01,
   1.71651534539555228331e-01, 1.64633474013766351041e-01,
   1.57607068844995229506e-01, 1.50572675174924869301e-01,
   1.43530649550145328330e-01, 1.36481348904081034590e-01,
   1.29425130538900645671e-01, 1.22362352107404454005e-01,
   1.15293371594897844923e-01, 1.08218547301045645015e-01,
   1.01138237821712981268e-01, 9.40528020307867806959e-02,
   8.69625990619876110266e-02, 7.98679882906656729569e-02,
   7.27693293155871750999e-02, 6.56669819407050131543e-02,
   5.85613061569234538695e-02, 5.14526621238506828848e-02,
   4.43414101515454336933e-02, 3.72279106822516123176e-02,
   3.01125242721306321525e-02, 2.29956115729857205054e-02,
   1.58775333139814442407e-02, 8.75865028336148335186e-03,
   1.63932331015899054351e-03, -5.48008675409067998879e-03,
   -1.25992190536410517132e-02, -1.97177127468231502827e-02,
   -2.68352070243378509895e-02, -3.39513411275421533864e-02,
   -4.10657543667355615091e-02, -4.81780861394402667996e-02,
   -5.52879759486814004177e-02, -6.23950634212574600790e-02,
   -6.94989883260071494853e-02, -7.65993905920663437081e-02,
   -8.36959103271213700204e-02, -9.07881878356488203341e-02,
   -9.78758636371479667782e-02, -1.04958578484359785210e-01,
   -1.12035973381478415334e-01, -1.19107689602345523383e-01,
   -1.26173368708633687474e-01, -1.33232652568012477357e-01,
   -1.40285183372303418059e-01, -1.47330603655614233993e-01,
   -1.54368556312458327096e-01, -1.61398684615853243995e-01,
   -1.68420632235404460486e-01, -1.75434043255364713332e-01,
   -1.82438562192674874618e-01, -1.89433834014980262417e-01,
   -1.96419504158628438484e-01, -2.03395218546639083845e-01,
   -2.10360623606651586659e-01, -2.17315366288844485920e-01,
   -2.24259094083832988265e-01, -2.31191455040534427079e-01,
   -2.38112097784008297507e-01, -2.45020671533264317032e-01,
   -2.51916826119044812149e-01, -2.58800212001571661169e-01,
   -2.65670480288264121427e-01, -2.72527282751421018325e-01,
   -2.79370271845873763272e-01, -2.86199100726600264011e-01,
   -2.93013423266306083370e-01, -2.99812894072966629189e-01,
   -3.06597168507336426124e-01, -3.13365902700415532856e-01,
   -3.20118753570880099080e-01, -3.26855378842470012390e-01,
   -3.33575437061340296374e-01, -3.40278587613366101383e-01,
   -3.46964490741408282393e-01, -3.53632807562532458512e-01,
   -3.60283200085188493045e-01, -3.66915331226340069026e-01,
   -3.73528864828551132593e-01, -3.80123465677022598364e-01,
   -3.86698799516585811631e-01, -3.93254533068642941895e-01,
   -3.99790334048060358452e-01, -4.06305871180009214871e-01,
   -4.12800814216759182074e-01, -4.19274833954415615533e-01,
   -4.25727602249606096319e-01, -4.32158792036113126311e-01,
   -4.38568077341450535123e-01, -4.44955133303387706523e-01,
   -4.51319636186414518964e-01, -4.57661263398150552906e-01,
   -4.63979693505695012234e-01, -4.70274606251920856970e-01,
   -4.76545682571706041841e-01, -4.82792604608106523667e-01,
   -4.89015055728465597440e-01, -4.95212720540465056729e-01,
   -5.01385284908109962743e-01, -5.07532435967651185393e-01,
   -5.13653862143442663246e-01, -5.19749253163735214223e-01,
   -5.25818300076402289633e-01, -5.31860695264600114029e-01,
   -5.37876132462357992026e-01, -5.43864306770104000144e-01,
   -5.49824914670117848026e-01, -5.55757654041915682974e-01,
   -5.61662224177562063865e-01, -5.67538325796913656340e-01,
   -5.73385661062787432840e-01, -5.79203933596057374267e-01,
   -5.84992848490675454443e-01, -5.90752112328621681314e-01,
   -5.96481433194774535167e-01, -6.02180520691707688030e-01,
   -6.07849085954408452359e-01, -6.13486841664920512507e-01,
   -6.19093502066905942982e-01, -6.24668782980129733140e-01,
   -6.30212401814862599458e-01, -6.35724077586206304247e-01,
   -6.41203530928334264338e-01, -6.46650484108652334747e-01,
   -6.52064661041874438219e-01, -6.57445787304018924857e-01,
   -6.62793590146315780842e-01, -6.68107798509032679846e-01,
   -6.73388143035212327625e-01, -6.78634356084327206027e-01,
   -6.83846171745843722789e-01, -6.89023325852701207239e-01,
   -6.94165555994699867703e-01, -6.99272601531803594810e-01,
   -7.04344203607349506058e-01, -7.09380105161168561523e-01,
   -7.14380050942614475140e-01, -7.19343787523502808945e-01,
   -7.24271063310954810177e-01, -7.29161628560151098277e-01,
   -7.34015235386988318389e-01, -7.38831637780645311686e-01,
   -7.43610591616051697095e-01, -7.48351854666262195082e-01,
   -7.53055186614732363637e-01, -7.57720349067501852680e-01,
   -7.62347105565276073058e-01, -7.66935221595411831252e-01,
   -7.71484464603804376281e-01, -7.75994604006673083241e-01,
   -7.80465411202250880507e-01, -7.84896659582370093133e-01,
   -7.89288124543948699241e-01, -7.93639583500373890779e-01,
   -7.97950815892785159100e-01, -8.02221603201253241622e-01,
   -8.06451728955855706715e-01, -8.10640978747648954794e-01,
   -8.14789140239536524568e-01, -8.18896003177031150955e-01,
   -8.22961359398911906915e-01, -8.26985002847774097745e-01,
   -8.30966729580475571559e-01, -8.34906337778472229516e-01,
   -8.38803627758047842811e-01, -8.42658401980435067813e-01,
   -8.46470465061828658548e-01, -8.50239623783287767900e-01,
   -8.53965687100530668197e-01, -8.57648466153616118035e-01,
   -8.61287774276518147687e-01, -8.64883427006586269492e-01,
   -8.68435242093895554127e-01, -8.71943039510483131060e-01,
   -8.75406641459474998967e-01, -8.78825872384096373757e-01,
   -8.82200558976571014291e-01, -8.85530530186904085710e-01,
   -8.88815617231553667388e-01, -8.92055653601984799295e-01,
   -8.95250475073109841517e-01, -8.98399919711611039119e-01,
   -9.01503827884150066296e-01, -9.04562042265458110535e-01,
   -9.07574407846310493575e-01, -9.10540771941383164645e-01,
   -9.13460984196992065165e-01, -9.16334896598714143678e-01,
   -9.19162363478889021806e-01, -9.21943241524002865539e-01,
   -9.24677389781952241421e-01, -9.27364669669188290690e-01,
   -9.30004944977741221379e-01, -9.32598081882124341213e-01,
   -9.35143948946116299048e-01, -9.37642417129424310396e-01,
   -9.40093359794223815129e-01, -9.42496652711577564965e-01,
   -9.44852174067732142326e-01, -9.47159804470292909784e-01,
   -9.49419426954274392472e-01, -9.51630926988030090286e-01,
   -9.53794192479056279765e-01, -9.55909113779674801670e-01,
   -9.57975583692590060281e-01, -9.59993497476322454887e-01,
   -9.61962752850517244241e-01, -9.63883250001129288087e-01,
   -9.65754891585481556326e-01, -9.67577582737199626273e-01,
   -9.69351231071019392438e-01, -9.71075746687470764407e-01,
   -9.72751042177433355995e-01, -9.74377032626567274320e-01,
   -9.75953635619617343444e-01, -9.77480771244589874414e-01,
   -9.78958362096803869079e-01, -9.80386333282813549062e-01,
   -9.81764612424205096453e-01, -9.83093129661264608643e-01,
   -9.84371817656519598749e-01, -9.85600611598151599146e-01,
   -9.86779449203281866509e-01, -9.87908270721127412806e-01,
   -9.88987018936030248817e-01, -9.90015639170356953613e-01,
   -9.90994079287270457357e-01, -9.91922289693372483121e-01,
   -9.92800223341217202844e-01, -9.93627835731695774335e-01,
   -9.94405084916292314468e-01, -9.95131931499209532177e-01,
   -9.95808338639366019684e-01, -9.96434272052263092512e-01,
   -9.97009700011723065671e-01, -9.97534593351497078650e-01,
   -9.98008925466743357369e-01, -9.98432672315375691063e-01,
   -9.98805812419282457171e-01, -9.99128326865414417846e-01,
   -9.99400199306744507766e-01, -9.99621415963095172330e-01,
   -9.99791965621837808165e-01, -9.99911839638460642199e-01,
   -9.99981031937006714649e-01, -9.99999539010382521020e-01,
   -9.99967359920534870632e-01, -9.99884496298499292344e-01,
   -9.99750952344316656806e-01, -9.99566734826820790794e-01,
   -9.99331853083295196249e-01, -9.99046319018999762207e-01,
   -9.98710147106567247555e-01, -9.98323354385269978728e-01,
   -9.97885960460155985174e-01, -9.97397987501055460768e-01,
   -9.96859460241456774021e-01, -9.96270405977253137308e-01,
   -9.95630854565358713870e-01, -9.94940838422196049962e-01,
   -9.94200392522051834554e-01, -9.93409554395305205432e-01,
   -9.92568364126525048974e-01, -9.91676864352438292016e-01,
   -9.90735100259768741715e-01, -9.89743119582947139534e-01,
   -9.88700972601690875052e-01, -9.87608712138456468210e-01,
   -9.86466393555761378309e-01, -9.85274074753378803493e-01,
   -9.84031816165401584939e-01, -9.82739680757180655846e-01,
   -9.81397734022132262055e-01, -9.80006043978419061347e-01,
   -9.78564681165502214810e-01, -9.77073718640566246663e-01,
   -9.75533231974816006371e-01, -9.73943299249645733084e-01,
   -9.72304001052682553841e-01, -9.70615420473700640791e-01,
   -9.68877643100410246291e-01, -9.67090757014119506429e-01,
   -9.65254852785270123228e-01, -9.63370023468846370385e-01,
   -9.61436364599658754848e-01, -9.59453974187501223980e-01,
   -9.57422952712184471835e-01, -9.55343403118441791833e-01,
   -9.53215430810711805698e-01, -9.51039143647796181291e-01,
   -9.48814651937392006253e-01, -9.46542068430501037923e-01,
   -9.44221508315715274406e-01, -9.41853089213377403510e-01,
   -9.39436931169620237370e-01, -9.36973156650280802893e-01,
   -9.34461890534694528121e-01, -9.31903260109364084407e-01,
   -9.29297395061508768599e-01, -9.26644427472490428421e-01,
   -9.23944491811119483771e-01, -9.21197724926838379389e-01,
   -9.18404266042786354696e-01, -9.15564256748741200909e-01,
   -9.12677840993944222703e-01, -9.09745165079802742270e-01,
   -9.06766377652475585869e-01, -9.03741629695337778116e-01,
   -9.00671074521328884899e-01, -8.97554867765181341177e-01,
   -8.94393167375532205376e-01, -8.91186133606917341154e-01,
   -8.87933929011649025753e-01, -8.84636718431575652666e-01,
   -8.81294668989728524622e-01, -8.77907950081848742485e-01,
   -8.74476733367803071850e-01, -8.71001192762882014975e-01,
   -8.67481504428985195077e-01, -8.63917846765692165611e-01,
   -8.60310400401220309874e-01, -8.56659348183269053756e-01,
   -8.52964875169752612116e-01, -8.49227168619419048312e-01,
   -8.45446417982360420851e-01, -8.41622814890408688093e-01,
   -8.37756553147423921324e-01, -8.33847828719469830183e-01,
   -8.29896839724882373623e-01, -8.25903786424226793450e-01,
   -8.21868871210147844408e-01, -8.17792298597110889347e-01,
   -8.13674275211036079902e-01, -8.09515009778825067599e-01,
   -8.05314713117781688645e-01, -8.01073598124926289366e-01,
   -7.96791879766204580449e-01, -7.92469775065592352270e-01,
   -7.88107503094094830054e-01, -7.83705284958643111359e-01,
   -7.79263343790887130780e-01, -7.74781904735885706970e-01,
   -7.70261194940694893241e-01, -7.65701443542854853774e-01,
   -7.61102881658775820561e-01, -7.56465742372023575157e-01,
   -7.51790260721505010366e-01, -7.47076673689555659230e-01,
   -7.42325220189927303949e-01, -7.37536141055678440281e-01,
   -7.32709679026967819482e-01, -7.27846078738750401627e-01,
   -7.22945586708377829765e-01, -7.18008451323103424890e-01,
   -7.13034922827492811948e-01, -7.08025253310739066670e-01,
   -7.02979696693886157988e-01, -6.97898508716958243525e-01,
   -6.92781946925997260678e-01, -6.87630270660008702244e-01,
   -6.82443741037817130923e-01, -6.77222620944830766554e-01,
   -6.71967175019716700390e-01, -6.66677669640987846655e-01,
   -6.61354372913500632158e-01, -6.55997554654866421586e-01,
   -6.50607486381775013129e-01, -6.45184441296232424889e-01,
   -6.39728694271713860253e-01, -6.34240521839231075063e-01,
   -6.28720202173315922956e-01, -6.23168015077921078060e-01,
   -6.17584241972237490970e-01, -6.11969165876430798434e-01,
   -6.06323071397295687568e-01, -6.00646244713830435025e-01,
   -5.94938973562731510114e-01, -5.89201547223809352083e-01,
   -5.83434256505326098718e-01, -5.77637393729255044228e-01,
   -5.71811252716464490931e-01, -5.65956128771824995560e-01,
   -5.60072318669241342448e-01, -5.54160120636610131761e-01,
   -5.48219834340703982001e-01, -5.42251760871982679824e-01,
   -5.36256202729331499235e-01, -5.30233463804729132640e-01,
   -5.24183849367844567624e-01, -5.18107666050563908655e-01,
   -5.12005221831448475989e-01, -5.05876826020124736871e-01,
   -4.99722789241606180077e-01, -4.93543423420549298708e-01,
   -4.87339041765443015120e-01, -4.81109958752733601894e-01,
   -4.74856490110884987832e-01, -4.68578952804375503671e-01,
   -4.62277665017632455324e-01, -4.55952946138904302575e-01,
   -4.49605116744072275115e-01, -4.43234498580401481416e-01,
   -4.36841414550232898240e-01, -4.30426188694616518315e-01,
   -4.23989146176887155004e-01, -4.17530613266182848431e-01,
   -4.11050917320907815977e-01, -4.04550386772139836111e-01,
   -3.98029351106983231290e-01, -3.91488140851868393622e-01,
   -3.84927087555798963514e-01, -3.78346523773546383751e-01,
   -3.71746783048794493531e-01, -3.65128199897233052251e-01,
   -3.58491109789602635516e-01, -3.51835849134690903384e-01,
   -3.45162755262281129021e-01, -3.38472166406054542076e-01,
   -3.31764421686446209225e-01, -3.25039861093456672325e-01,
   -3.18298825469418844580e-01, -3.11541656491722107614e-01,
   -3.04768696655494164549e-01, -2.97980289256240982176e-01,
   -2.91176778372446654064e-01, -2.84358508848133351155e-01,
   -2.77525826275382303532e-01, -2.70679076976817367672e-01,
   -2.63818607988051012647e-01, -2.56944767040094446120e-01,
   -2.50057902541732601787e-01, -2.43158363561864432345e-01,
   -2.36246499811810034553e-01, -2.29322661627585161481e-01,
   -2.22387199952143871373e-01, -2.15440466317590784140e-01,
   -2.08482812827363056529e-01, -2.01514592138383741293e-01,
   -1.94536157443186835669e-01, -1.87547862452015434709e-01,
   -1.80550061374893405786e-01, -1.73543108903671833287e-01,
   -1.66527360194051093911e-01, -1.59503170847579395231e-01,
   -1.52470896893628499180e-01, -1.45430894771348268035e-01,
   -1.38383521311599810844e-01, -1.31329133718869284220e-01,
   -1.24268089553162500160e-01, -1.17200746711881534368e-01,
   -1.10127463411684348160e-01, -1.03048598170328076229e-01,
   -9.59645097884972014812e-02, -8.88755573316172414744e-02,
   -8.17821001116551538068e-02, -7.46844976689071682330e-02,
   -6.75831097537750030702e-02, -6.04782963085315761198e-02,
   -5.33704174490768623595e-02, -4.62598334466849878122e-02,
   -3.91469047097434477700e-02, -3.20319917654854069422e-02,
   -2.49154552417159141919e-02, -1.77976558485330831061e-02,
   -1.06789543600450675953e-02, -3.55971159608377968331e-03,
   3.55971159608367039573e-03, 1.06789543600449583077e-02,
   1.77976558485329755532e-02, 2.49154552417158031696e-02,
   3.20319917654852959199e-02, 3.91469047097433436866e-02,
   4.62598334466848767899e-02, 5.33704174490767513372e-02,
   6.04782963085314650975e-02, 6.75831097537748920479e-02,
   7.46844976689070572107e-02, 8.17821001116550566623e-02,
   8.88755573316171304521e-02, 9.59645097884970904589e-02,
   1.03048598170327965207e-01, 1.10127463411684237138e-01,
   1.17200746711881423345e-01, 1.24268089553162389138e-01,
   1.31329133718869173197e-01, 1.38383521311599699821e-01,
   1.45430894771348157013e-01, 1.52470896893628388158e-01,
   1.59503170847579284208e-01, 1.66527360194051010645e-01,
   1.73543108903671722265e-01, 1.80550061374893294763e-01,
   1.87547862452015323687e-01, 1.94536157443186724647e-01,
   2.01514592138383630271e-01, 2.08482812827362945507e-01,
   2.15440466317590673118e-01, 2.22387199952143760351e-01,
   2.29322661627585050459e-01, 2.36246499811809923530e-01,
   2.43158363561864321323e-01, 2.50057902541732490764e-01,
   2.56944767040094335098e-01, 2.63818607988050901625e-01,
   2.70679076976817256650e-01, 2.77525826275382192510e-01,
   2.84358508848133240132e-01, 2.91176778372446543042e-01,
   2.97980289256240871154e-01, 3.04768696655494053527e-01,
   3.11541656491721996591e-01, 3.18298825469418733558e-01,
   3.25039861093456616814e-01, 3.31764421686446153714e-01,
   3.38472166406054431054e-01, 3.45162755262281017998e-01,
   3.51835849134690792361e-01, 3.58491109789602524494e-01,
   3.65128199897232941229e-01, 3.71746783048794382509e-01,
   3.78346523773546272729e-01, 3.84927087555798852492e-01,
   3.91488140851868338110e-01, 3.98029351106983120268e-01,
   4.04550386772139780600e-01, 4.11050917320907760466e-01,
   4.17530613266182737409e-01, 4.23989146176887043982e-01,
   4.30426188694616407293e-01, 4.36841414550232787217e-01,
   4.43234498580401370393e-01, 4.49605116744072164092e-01,
   4.55952946138904191553e-01, 4.62277665017632344302e-01,
   4.68578952804375448160e-01, 4.74856490110884876810e-01,
   4.81109958752733546383e-01, 4.87339041765442904097e-01,
   4.93543423420549187686e-01, 4.99722789241606124566e-01,
   5.05876826020124625849e-01, 5.12005221831448475989e-01,
   5.18107666050563797633e-01, 5.24183849367844456602e-01,
   5.30233463804729021618e-01, 5.36256202729331388213e-01,
   5.42251760871982568801e-01, 5.48219834340703982001e-01,
   5.54160120636610020739e-01, 5.60072318669241231426e-01,
   5.65956128771824884538e-01, 5.71811252716464379908e-01,
   5.77637393729254933206e-01, 5.83434256505325987696e-01,
   5.89201547223809352083e-01, 5.94938973562731399092e-01,
   6.00646244713830324002e-01, 6.06323071397295687568e-01,
   6.11969165876430798434e-01, 6.17584241972237490970e-01,
   6.23168015077920967038e-01, 6.28720202173315922956e-01,
   6.34240521839230964041e-01, 6.39728694271713860253e-01,
   6.45184441296232313867e-01, 6.50607486381774902107e-01,
   6.55997554654866310564e-01, 6.61354372913500521136e-01,
   6.66677669640987735633e-01, 6.71967175019716589368e-01,
   6.77222620944830655532e-01, 6.82443741037817019901e-01,
   6.87630270660008591221e-01, 6.92781946925997149656e-01,
   6.97898508716958243525e-01, 7.02979696693886157988e-01,
   7.08025253310738955648e-01, 7.13034922827492700925e-01,
   7.18008451323103424890e-01, 7.22945586708377718743e-01,
   7.27846078738750290604e-01, 7.32709679026967819482e-01,
   7.37536141055678440281e-01, 7.42325220189927192926e-01,
   7.47076673689555548208e-01, 7.51790260721504899344e-01,
   7.56465742372023464135e-01, 7.61102881658775820561e-01,
   7.65701443542854742752e-01, 7.70261194940694782218e-01,
   7.74781904735885595947e-01, 7.79263343790887130780e-01,
   7.83705284958643111359e-01, 7.88107503094094719032e-01,
   7.92469775065592241248e-01, 7.96791879766204469426e-01,
   8.01073598124926178343e-01, 8.05314713117781688645e-01,
   8.09515009778824956577e-01, 8.13674275211035968880e-01,
   8.17792298597110778324e-01, 8.21868871210147733386e-01,
   8.25903786424226682428e-01, 8.29896839724882262601e-01,
   8.33847828719469830183e-01, 8.37756553147423810302e-01,
   8.41622814890408688093e-01, 8.45446417982360309828e-01,
   8.49227168619419048312e-01, 8.52964875169752501094e-01,
   8.56659348183269053756e-01, 8.60310400401220198852e-01,
   8.63917846765692165611e-01, 8.67481504428985084054e-01,
   8.71001192762882014975e-01, 8.74476733367802960828e-01,
   8.77907950081848742485e-01, 8.81294668989728413599e-01,
   8.84636718431575652666e-01, 8.87933929011648914731e-01,
   8.91186133606917341154e-01, 8.94393167375532094354e-01,
   8.97554867765181341177e-01, 9.00671074521328773876e-01,
   9.03741629695337778116e-01, 9.06766377652475474846e-01,
   9.09745165079802742270e-01, 9.12677840993944111680e-01,
   9.15564256748741200909e-01, 9.18404266042786243673e-01,
   9.21197724926838379389e-01, 9.23944491811119372748e-01,
   9.26644427472490428421e-01, 9.29297395061508657577e-01,
   9.31903260109364084407e-01, 9.34461890534694528121e-01,
   9.36973156650280802893e-01, 9.39436931169620126347e-01,
   9.41853089213377403510e-01, 9.44221508315715163384e-01,
   9.46542068430501037923e-01, 9.48814651937391895231e-01,
   9.51039143647796181291e-01, 9.53215430810711805698e-01,
   9.55343403118441791833e-01, 9.57422952712184471835e-01,
   9.59453974187501223980e-01, 9.61436364599658643826e-01,
   9.63370023468846370385e-01, 9.65254852785270123228e-01,
   9.67090757014119506429e-01, 9.68877643100410135268e-01,
   9.70615420473700640791e-01, 9.72304001052682553841e-01,
   9.73943299249645733084e-01, 9.75533231974815895349e-01,
   9.77073718640566246663e-01, 9.78564681165502214810e-01,
   9.80006043978419061347e-01, 9.81397734022132262055e-01,
   9.82739680757180655846e-01, 9.84031816165401584939e-01,
   9.85274074753378692471e-01, 9.86466393555761378309e-01,
   9.87608712138456357188e-01, 9.88700972601690875052e-01,
   9.89743119582947028512e-01, 9.90735100259768741715e-01,
   9.91676864352438292016e-01, 9.92568364126525048974e-01,
   9.93409554395305205432e-01, 9.94200392522051834554e-01,
   9.94940838422196049962e-01, 9.95630854565358713870e-01,
   9.96270405977253026286e-01, 9.96859460241456774021e-01,
   9.97397987501055460768e-01, 9.97885960460155985174e-01,
   9.98323354385269978728e-01, 9.98710147106567247555e-01,
   9.99046319018999762207e-01, 9.99331853083295196249e-01,
   9.99566734826820790794e-01, 9.99750952344316656806e-01,
   9.99884496298499292344e-01, 9.99967359920534870632e-01,
   9.99999539010382521020e-01, 9.99981031937006714649e-01,
   9.99911839638460642199e-01, 9.99791965621837808165e-01,
   9.99621415963095172330e-01, 9.99400199306744507766e-01,
   9.99128326865414417846e-01, 9.98805812419282457171e-01,
   9.98432672315375691063e-01, 9.98008925466743357369e-01,
   9.97534593351497078650e-01, 9.97009700011723065671e-01,
   9.96434272052263092512e-01, 9.95808338639366019684e-01,
   9.95131931499209532177e-01, 9.94405084916292314468e-01,
   9.93627835731695774335e-01, 9.92800223341217202844e-01,
   9.91922289693372483121e-01, 9.90994079287270457357e-01,
   9.90015639170356953613e-01, 9.88987018936030248817e-01,
   9.87908270721127412806e-01, 9.86779449203281866509e-01,
   9.85600611598151710169e-01, 9.84371817656519598749e-01,
   9.83093129661264608643e-01, 9.81764612424205096453e-01,
   9.80386333282813660084e-01, 9.78958362096803869079e-01,
   9.77480771244589985436e-01, 9.75953635619617343444e-01,
   9.74377032626567274320e-01, 9.72751042177433355995e-01,
   9.71075746687470875429e-01, 9.69351231071019392438e-01,
   9.67577582737199626273e-01, 9.65754891585481667349e-01,
   9.63883250001129288087e-01, 9.61962752850517244241e-01,
   9.59993497476322454887e-01, 9.57975583692590060281e-01,
   9.55909113779674801670e-01, 9.53794192479056279765e-01,
   9.51630926988030090286e-01, 9.49419426954274503494e-01,
   9.47159804470292909784e-01, 9.44852174067732253349e-01,
   9.42496652711577564965e-01, 9.40093359794223815129e-01,
   9.37642417129424310396e-01, 9.35143948946116410070e-01,
   9.32598081882124341213e-01, 9.30004944977741332401e-01,
   9.27364669669188290690e-01, 9.24677389781952241421e-01,
   9.21943241524002865539e-01, 9.19162363478889132828e-01,
   9.16334896598714143678e-01, 9.13460984196992176187e-01,
   9.10540771941383164645e-01, 9.07574407846310493575e-01,
   9.04562042265458221557e-01, 9.01503827884150066296e-01,
   8.98399919711611039119e-01, 8.95250475073109841517e-01,
   8.92055653601985021339e-01, 8.88815617231553667388e-01,
   8.85530530186904085710e-01, 8.82200558976571014291e-01,
   8.78825872384096595802e-01, 8.75406641459474998967e-01,
   8.71943039510483131060e-01, 8.68435242093895554127e-01,
   8.64883427006586491537e-01, 8.61287774276518147687e-01,
   8.57648466153616118035e-01, 8.53965687100530668197e-01,
   8.50239623783287989944e-01, 8.46470465061828658548e-01,
   8.42658401980435067813e-01, 8.38803627758047842811e-01,
   8.34906337778472451561e-01, 8.30966729580475571559e-01,
   8.26985002847774097745e-01, 8.22961359398911906915e-01,
   8.18896003177031372999e-01, 8.14789140239536524568e-01,
   8.10640978747648954794e-01, 8.06451728955855706715e-01,
   8.02221603201253463666e-01, 7.97950815892785159100e-01,
   7.93639583500373890779e-01, 7.89288124543948699241e-01,
   7.84896659582370315178e-01, 7.80465411202250880507e-01,
   7.75994604006673083241e-01, 7.71484464603804376281e-01,
   7.66935221595412164319e-01, 7.62347105565276073058e-01,
   7.57720349067501852680e-01, 7.53055186614732363637e-01,
   7.48351854666262195082e-01, 7.43610591616052030162e-01,
   7.38831637780645311686e-01, 7.34015235386988318389e-01,
   7.29161628560151098277e-01, 7.24271063310955143244e-01,
   7.19343787523502808945e-01, 7.14380050942614475140e-01,
   7.09380105161168561523e-01, 7.04344203607349728102e-01,
   6.99272601531803594810e-01, 6.94165555994699867703e-01,
   6.89023325852701207239e-01, 6.83846171745844055856e-01,
   6.78634356084327206027e-01, 6.73388143035212327625e-01,
   6.68107798509032679846e-01, 6.62793590146316113909e-01,
   6.57445787304018924857e-01, 6.52064661041874438219e-01,
   6.46650484108652334747e-01, 6.41203530928334597405e-01,
   6.35724077586206304247e-01, 6.30212401814862599458e-01,
   6.24668782980129733140e-01, 6.19093502066906276049e-01,
   6.13486841664920512507e-01, 6.07849085954408452359e-01,
   6.02180520691707688030e-01, 5.96481433194774868234e-01,
   5.90752112328621681314e-01, 5.84992848490675454443e-01,
   5.79203933596057374267e-01, 5.73385661062787765907e-01,
   5.67538325796913656340e-01, 5.61662224177562063865e-01,
   5.55757654041915682974e-01, 5.49824914670118181093e-01,
   5.43864306770104000144e-01, 5.37876132462357992026e-01,
   5.31860695264600114029e-01, 5.25818300076402733723e-01,
   5.19749253163735214223e-01, 5.13653862143442663246e-01,
   5.07532435967651185393e-01, 5.01385284908110295810e-01,
   4.95212720540465056729e-01, 4.89015055728465597440e-01,
   4.82792604608106523667e-01, 4.76545682571706430419e-01,
   4.70274606251920856970e-01, 4.63979693505695012234e-01,
   4.57661263398150552906e-01, 4.51319636186414907542e-01,
   4.44955133303387706523e-01, 4.38568077341450535123e-01,
   4.32158792036113126311e-01, 4.25727602249606484897e-01,
   4.19274833954415615533e-01, 4.12800814216759182074e-01,
   4.06305871180009214871e-01, 3.99790334048060358452e-01,
   3.93254533068643385985e-01, 3.86698799516585811631e-01,
   3.80123465677022598364e-01, 3.73528864828551132593e-01,
   3.66915331226340513116e-01, 3.60283200085188493045e-01,
   3.53632807562532458512e-01, 3.46964490741408282393e-01,
   3.40278587613366545472e-01, 3.33575437061340296374e-01,
   3.26855378842470012390e-01, 3.20118753570880099080e-01,
   3.13365902700415921434e-01, 3.06597168507336426124e-01,
   2.99812894072966629189e-01, 2.93013423266306083370e-01,
   2.86199100726600652589e-01, 2.79370271845873763272e-01,
   2.72527282751421018325e-01, 2.65670480288264121427e-01,
   2.58800212001572105258e-01, 2.51916826119044812149e-01,
   2.45020671533264317032e-01, 2.38112097784008297507e-01,
   2.31191455040534871168e-01, 2.24259094083832988265e-01,
   2.17315366288844485920e-01, 2.10360623606651586659e-01,
   2.03395218546639527935e-01, 1.96419504158628438484e-01,
   1.89433834014980262417e-01, 1.82438562192674874618e-01,
   1.75434043255365157421e-01, 1.68420632235404460486e-01,
   1.61398684615853243995e-01, 1.54368556312458327096e-01,
   1.47330603655614678082e-01, 1.40285183372303418059e-01,
   1.33232652568012477357e-01, 1.26173368708633687474e-01,
   1.19107689602345967472e-01, 1.12035973381478415334e-01,
   1.04958578484359785210e-01, 9.78758636371479667782e-02,
   9.07881878356492505455e-02, 8.36959103271213700204e-02,
   7.65993905920663437081e-02, 6.94989883260071494853e-02,
   6.23950634212579041682e-02, 5.52879759486814004177e-02,
   4.81780861394402667996e-02, 4.10657543667355615091e-02,
   3.39513411275425974756e-02, 2.68352070243378509895e-02,
   1.97177127468231502827e-02, 1.25992190536410517132e-02,
   5.48008675409112407800e-03, -1.63932331015899054351e-03,
   -8.75865028336148335186e-03, -1.58775333139814442407e-02,
   -2.29956115729852764162e-02, -3.01125242721306321525e-02,
   -3.72279106822516123176e-02, -4.43414101515454336933e-02,
   -5.14526621238506828848e-02, -5.85613061569230097803e-02,
   -6.56669819407050131543e-02, -7.27693293155871750999e-02,
   -7.98679882906656729569e-02, -8.69625990619871808152e-02,
   -9.40528020307867806959e-02, -1.01138237821712981268e-01,
   -1.08218547301045645015e-01, -1.15293371594897400834e-01,
   -1.22362352107404454005e-01, -1.29425130538900645671e-01,
   -1.36481348904081034590e-01, -1.43530649550144911997e-01,
   -1.50572675174924869301e-01, -1.57607068844995229506e-01,
   -1.64633474013766351041e-01, -1.71651534539554784242e-01,
   -1.78660894703635664271e-01, -1.85661199228270984429e-01,
   -1.92652093294719828354e-01, -1.99633222561221151947e-01,
   -2.06604233180954777183e-01, -2.13564771819974852374e-01,
   -2.20514485675121579833e-01, -2.27453022491901774016e-01,
   -2.34380030582344078827e-01, -2.41295158842823098677e-01,
   -2.48198056771857938907e-01, -2.55088374487876190511e-01,
   -2.61965762746948827022e-01, -2.68829872960490490197e-01,
   -2.75680357212930493560e-01, -2.82516868279345856330e-01,
   -2.89339059643061446980e-01, -2.96146585513212046159e-01,
   -3.02939100842271546998e-01, -3.09716261343540577577e-01,
   -3.16477723508597874602e-01, -3.23223144624709690653e-01,
   -3.29952182792203119188e-01, -3.36664496941794066931e-01,
   -3.43359746851875480278e-01, -3.50037593165760274605e-01,
   -3.56697697408884739634e-01, -3.63339722005962317830e-01,
   -3.69963330298095527393e-01, -3.76568186559837647653e-01,
   -3.83153956016212271507e-01, -3.89720304859679844700e-01,
   -3.96266900267058130858e-01, -4.02793410416389996431e-01,
   -4.09299504503764566277e-01, -4.15784852760083034617e-01,
   -4.22249126467773905347e-01, -4.28691997977453165269e-01,
   -4.35113140724533609127e-01, -4.41512229245775933428e-01,
   -4.47888939195785706904e-01, -4.54242947363451721188e-01,
   -4.60573931688330939771e-01, -4.66881571276970441797e-01,
   -4.73165546419173521642e-01, -4.79425538604202894355e-01} ;
#define _GQR_SINE_1_DELTA_THETA 1.40460520617478636041e+02
#define _GQR_SINE_DELTA_THETA 7.11943822793692504547e-03
#define _GQR_SINE_THETA_MIN -3.64159265358979311600e+00
#define _GQR_SINE_THETA_MAX 3.64159265358979311600e+00
