f = [...
9.3241288403660505e+00 7.5020174911953328e+00 5.9778596974421569e+00 5.1724279526144414e+00 1.0000000000000000e+00 1.0000000000000000e+00 1.0000000000000000e+00 1.0000000000000000e+00 1.0724862527325840e-01 1.3329747646864859e-01 1.6728395288833661e-01 1.9333280408372683e-01 1.1502267623003801e-02 1.7768217232909923e-02 2.7983920893947224e-02 3.7377573134876704e-02 
9.2123953239779244e+00 7.4316125243371021e+00 5.9348147751730052e+00 5.1411726905158295e+00 1.0000000000000000e+00 1.0000000000000000e+00 1.0000000000000000e+00 1.0000000000000000e+00 1.0854940163034588e-01 1.3456029855232526e-01 1.6849725524430526e-01 1.9450815216628464e-01 1.1782972594306136e-02 1.8106473946490908e-02 2.8391325024864553e-02 3.7833421259142540e-02 
9.0190154118504164e+00 7.3088818289549637e+00 5.8593228214344641e+00 5.0861809418354893e+00 1.0000000000000000e+00 1.0000000000000000e+00 1.0000000000000000e+00 1.0000000000000000e+00 1.1087684789695150e-01 1.3681983419657801e-01 1.7066818649107690e-01 1.9661117279070342e-01 1.2293675399563718e-02 1.8719667029579095e-02 2.9127629880153005e-02 3.8655953266135835e-02 
8.7558194250107082e+00 7.1400269316113230e+00 5.7545026265616501e+00 5.0094502558754632e+00 1.0000000000000000e+00 1.0000000000000000e+00 1.0000000000000000e+00 1.0000000000000000e+00 1.1420975598737602e-01 1.4005549412883311e-01 1.7377696473439722e-01 1.9962270287585432e-01 1.3043868362695974e-02 1.9615541435671607e-02 3.0198433472299932e-02 3.9849223503461616e-02 
8.4376030001938300e+00 6.9330275640667569e+00 5.6244670217489139e+00 4.9136503906257518e+00 1.0000000000000000e+00 1.0000000000000000e+00 1.0000000000000000e+00 1.0000000000000000e+00 1.1851707172961656e-01 1.4423713028099122e-01 1.7779462411872271e-01 2.0351468267009740e-01 1.4046296291363078e-02 2.0804349751695636e-02 3.1610928365517897e-02 4.1418226062310444e-02 
8.0802469152867360e+00 6.6967702187045166e+00 5.4739431010761770e+00 4.8019026038307269e+00 1.0000000000000000e+00 1.0000000000000000e+00 1.0000000000000000e+00 1.0000000000000000e+00 1.2375859432069272e-01 1.4932571483592713e-01 1.8268366724590177e-01 2.0825078776113620e-01 1.5316189668233797e-02 2.2298169111260629e-02 3.3373322278411360e-02 4.3368390603133793e-02 
7.6990953177501869e+00 6.4402389391837511e+00 5.3078992594804655e+00 4.6775571995912228e+00 1.0000000000000000e+00 1.0000000000000000e+00 1.0000000000000000e+00 1.0000000000000000e+00 1.2988539026065959e-01 1.5527374208366593e-01 1.8839845127314633e-01 2.1378680309615267e-01 1.6870214603163847e-02 2.4109934980664806e-02 3.5493976442120094e-02 4.5704797178073152e-02 
7.3077909869181470e+00 6.1718611910503185e+00 5.1312148937229587e+00 4.5439872026922083e+00 1.0000000000000000e+00 1.0000000000000000e+00 1.0000000000000000e+00 1.0000000000000000e+00 1.3684025744443487e-01 1.6202567897185993e-01 1.9488562079582852e-01 2.2007104232325364e-01 1.8725256057459214e-02 2.6252320646292213e-02 3.7980405192975471e-02 4.8431263669243295e-02 
6.9176260971402010e+00 5.8990616700270069e+00 4.9484224001653931e+00 4.4044164789014575e+00 1.0000000000000000e+00 1.0000000000000000e+00 1.0000000000000000e+00 1.0000000000000000e+00 1.4455826116612569e-01 1.6951848547049039e-01 2.0208460780683893e-01 2.2704483211120363e-01 2.0897090871373803e-02 2.8736516916208862e-02 4.0838188712443907e-02 5.1549355788404645e-02 
6.5373431557713486e+00 5.6280256475169814e+00 4.7635334865230705e+00 4.2617923482107738e+00 1.0000000000000000e+00 1.0000000000000000e+00 1.0000000000000000e+00 1.0000000000000000e+00 1.5296734103932913e-01 1.7768220378334421e-01 2.0992819780299385e-01 2.3464306054700895e-01 2.3399007424642425e-02 3.1570965541305861e-02 4.4069848232812910e-02 5.5057365862867309e-02 
6.1732592856444617e+00 5.3636382680371213e+00 4.5799465898990821e+00 4.1187046039068020e+00 1.0000000000000000e+00 1.0000000000000000e+00 1.0000000000000000e+00 1.0000000000000000e+00 1.6198898405667797e-01 1.8644061176891416e-01 2.1834315758298717e-01 2.4279478529522336e-01 2.6240430955714669e-02 3.4760101716766974e-02 4.7673734463309164e-02 5.8949307766553612e-02 
5.8295795490838085e+00 5.1095504291318097e+00 4.4004222465658618e+00 3.9773466867793990e+00 1.0000000000000000e+00 1.0000000000000000e+00 1.0000000000000000e+00 1.0000000000000000e+00 1.7153895775505157e-01 1.9571193471319065e-01 2.2725091910904938e-01 2.5142389606718846e-01 2.9425614027689367e-02 3.8303161389180197e-02 5.1642980235907701e-02 6.3213975513604387e-02 
5.5087890968024720e+00 4.8683214256852967e+00 4.2271088075548535e+00 3.8395111184466129e+00 1.0000000000000000e+00 1.0000000000000000e+00 1.0000000000000000e+00 1.0000000000000000e+00 1.8152809672463976e-01 2.0540960888983073e-01 2.3656831312521720e-01 2.6044982529040817e-01 3.2952449900470172e-02 4.2193107424273228e-02 5.5964566774910809e-02 6.7834111493804139e-02 
5.2120486784380056e+00 4.6415970031122979e+00 4.0616007434986052e+00 3.7066099553747209e+00 1.0000000000000000e+00 1.0000000000000000e+00 1.0000000000000000e+00 1.0000000000000000e+00 1.9186313515009018e-01 2.1544308980927834e-01 2.4620834571214262e-01 2.6978830037133072e-01 3.6811462629621768e-02 4.6415724946568773e-02 6.0618549498309936e-02 7.2785727017251375e-02 
4.9395503356343493e+00 4.4302931504097804e+00 3.9050142682972524e+00 3.5797113774198550e+00 1.0000000000000000e+00 1.0000000000000000e+00 1.0000000000000000e+00 1.0000000000000000e+00 2.0244757762379956e-01 2.2571869762331750e-01 2.5608101054033827e-01 2.7935213053985625e-01 4.0985021685744347e-02 5.0948930456766642e-02 6.5577483959360847e-02 7.8037612837156892e-02 
4.6908143511652787e+00 4.2347671608009945e+00 3.7580686309845723e+00 3.4595848759923635e+00 1.0000000000000000e+00 1.0000000000000000e+00 1.0000000000000000e+00 1.0000000000000000e+00 2.1318260010686266e-01 2.3614049179762997e-01 2.6609412924372566e-01 2.8905202093449300e-01 4.5446820988322520e-02 5.5762331866426547e-02 7.0806085617976577e-02 8.3551070806314576e-02 
4.4649241061712646e+00 4.0549664178481315e+00 3.6211651182300351e+00 3.3467492649371171e+00 1.0000000000000000e+00 1.0000000000000000e+00 1.0000000000000000e+00 1.0000000000000000e+00 2.2396797262865778e-01 2.4661116688869517e-01 2.7615421206994928e-01 2.9879740632998669e-01 5.0161652763391198e-02 6.0817067634203859e-02 7.6261148843974516e-02 8.9279890029527173e-02 
4.2607040422470552e+00 3.8905516081062670e+00 3.4944589841810618e+00 3.2415194901777000e+00 1.0000000000000000e+00 1.0000000000000000e+00 1.0000000000000000e+00 1.0000000000000000e+00 2.3470299511172088e-01 2.5703296106300766e-01 2.8616733077333667e-01 3.0849729672462345e-01 5.5085495914412475e-02 6.6065943072817615e-02 8.1891741201936277e-02 9.5170582086400363e-02 
4.0768496334090232e+00 3.7409949265785314e+00 3.3779219526336992e+00 3.1440497295852978e+00 1.0000000000000000e+00 1.0000000000000000e+00 1.0000000000000000e+00 1.0000000000000000e+00 2.4528743758543026e-01 2.6730856887704679e-01 2.9603999560153238e-01 3.1806112689314892e-01 6.0165927037226341e-02 7.1453870995094870e-02 8.7639678995755310e-02 1.0116288044053978e-01 
3.9120190665762684e+00 3.6056559066098024e+00 3.2713946211215355e+00 3.0543714591296154e+00 1.0000000000000000e+00 1.0000000000000000e+00 1.0000000000000000e+00 1.0000000000000000e+00 2.5562247601088067e-01 2.7734204979649441e-01 3.0568002818845774e-01 3.2739960197407147e-01 6.5342850241933259e-02 7.6918612585321178e-02 9.3440279633296319e-02 1.0719049937278043e-01 
3.7648955979335943e+00 3.4838383557447790e+00 3.1746291541090446e+00 2.9724260119056378e+00 1.0000000000000000e+00 1.0000000000000000e+00 1.0000000000000000e+00 1.0000000000000000e+00 2.6561161498046887e-01 2.8703972397313449e-01 3.1499742220462557e-01 3.3642553119729118e-01 7.0549530012532835e-02 8.2391803138573236e-02 9.9223375995559138e-02 1.1318213804137954e-01 
3.6342281813438717e+00 3.3748319895704872e+00 3.0873232360228413e+00 2.8980917175694687e+00 1.0000000000000000e+00 1.0000000000000000e+00 1.0000000000000000e+00 1.0000000000000000e+00 2.7516158867884244e-01 2.9631104691741095e-01 3.2390518373068777e-01 3.4505464196925628e-01 7.5713899884264468e-02 8.7800236525292105e-02 1.0491456804761061e-01 1.1906270594453164e-01 
3.5188564576148504e+00 3.2779420683661131e+00 3.0091465098559671e+00 2.8312060433494350e+00 1.0000000000000000e+00 1.0000000000000000e+00 1.0000000000000000e+00 1.0000000000000000e+00 2.8418323169619131e-01 3.0506945490298093e-01 3.3232014351068107e-01 3.5320636671747074e-01 8.0760109177291151e-02 9.3067372314801916e-02 1.1043667778295965e-01 1.2475473748975642e-01 
3.4177248015719917e+00 3.1925098792487900e+00 2.9397607725278090e+00 2.7715833263575336e+00 1.0000000000000000e+00 1.0000000000000000e+00 1.0000000000000000e+00 1.0000000000000000e+00 2.9259231156939475e-01 3.1323317321583477e-01 3.4016373350683604e-01 3.6080459515327601e-01 8.5610260789521775e-02 9.8115020802861150e-02 1.1571136559330977e-01 1.3017995588371939e-01 
3.3298889484722403e+00 3.1179264021276873e+00 2.8788351222871742e+00 2.7190287437903891e+00 1.0000000000000000e+00 1.0000000000000000e+00 1.0000000000000000e+00 1.0000000000000000e+00 3.0031031529108559e-01 3.2072597971446515e-01 3.4736272051784645e-01 3.6777838494122606e-01 9.0186285470231234e-02 1.0286515406380350e-01 1.2066085960555950e-01 1.3526094042997666e-01 
3.2545177814990991e+00 3.0536410221924553e+00 2.8260571167210591e+00 2.6733491543651340e+00 1.0000000000000000e+00 1.0000000000000000e+00 1.0000000000000000e+00 1.0000000000000000e+00 3.0726518247486084e-01 3.2747791660265924e-01 3.5384989004052858e-01 3.7406262416832703e-01 9.4411892361309535e-02 1.0724178586241824e-01 1.2520974468169416e-01 1.3992284679969508e-01 
3.1908921378846831e+00 2.9991667368532102e+00 2.7811408409145146e+00 2.6343613910428467e+00 1.0000000000000000e+00 1.0000000000000000e+00 1.0000000000000000e+00 1.0000000000000000e+00 3.1339197841482769e-01 3.3342594385039803e-01 3.5956467406777315e-01 3.7959863950334349e-01 9.8214532134759822e-02 1.1117286003252878e-01 1.2928675483746394e-01 1.4409512711278932e-01 
3.1384019471997431e+00 2.9540829597795284e+00 2.7438326262565838e+00 2.6018985118178066e+00 1.0000000000000000e+00 1.0000000000000000e+00 1.0000000000000000e+00 1.0000000000000000e+00 3.1863350100590387e-01 3.3851452840533391e-01 3.6445371719495223e-01 3.8433474459438227e-01 1.0152730796327934e-01 1.1459208594148562e-01 1.3282651197721823e-01 1.4771319590242904e-01 
3.0965426113351340e+00 2.9180367433970398e+00 2.7139150109393828e+00 2.5758144331119595e+00 1.0000000000000000e+00 1.0000000000000000e+00 1.0000000000000000e+00 1.0000000000000000e+00 3.2294081674814440e-01 3.4269616455749202e-01 3.6847137657927775e-01 3.8822672438862538e-01 1.0429077112195859e-01 1.1744066120241566e-01 1.3577115535822792e-01 1.5071998952952170e-01 
3.0649112198500568e+00 2.8907429996503211e+00 2.6912093851659700e+00 2.5559872751835608e+00 1.0000000000000000e+00 1.0000000000000000e+00 1.0000000000000000e+00 1.0000000000000000e+00 3.2627372483856892e-01 3.4593182448974713e-01 3.7158015482259804e-01 3.9123825447377625e-01 1.0645454352003418e-01 1.1966882719480522e-01 1.3807181145798594e-01 1.5306737176368729e-01 
3.0432027878559582e+00 2.8719839562221030e+00 2.6755775093972463e+00 2.5423215495255529e+00 1.0000000000000000e+00 1.0000000000000000e+00 1.0000000000000000e+00 1.0000000000000000e+00 3.2860117110517456e-01 3.4819136013399987e-01 3.7375108606936969e-01 3.9334127509819505e-01 1.0797872965169221e-01 1.2123722327196479e-01 1.3968987433803340e-01 1.5471735869587397e-01 
3.0312036885274569e+00 2.8616054718643933e+00 2.6669199285817426e+00 2.5347474383654478e+00 1.0000000000000000e+00 1.0000000000000000e+00 1.0000000000000000e+00 1.0000000000000000e+00 3.2990194746226204e-01 3.4945418221767655e-01 3.7496438842533830e-01 3.9451662318075287e-01 1.0883529493939310e-01 1.2211822546942508e-01 1.4059829258718798e-01 1.5564336596594416e-01 
3.0256011620388334e+00 2.8567572805028507e+00 2.6628733868856806e+00 2.5312059716264605e+00 1.0000000000000000e+00 1.0000000000000000e+00 1.0000000000000000e+00 1.0000000000000000e+00 3.3051282916818403e-01 3.5004723951345929e-01 3.7553418984352593e-01 3.9506860018880113e-01 1.0923873024475721e-01 1.2253306989099313e-01 1.4102592774143338e-01 1.5607919885513880e-01 
3.0137401943388307e+00 2.8464883569054957e+00 2.6542976946226946e+00 2.5236978491723785e+00 1.0000000000000000e+00 1.0000000000000000e+00 1.0000000000000000e+00 1.0000000000000000e+00 3.3181360552527156e-01 3.5131006159713596e-01 3.7674749219949455e-01 3.9624394827135900e-01 1.1010026881168053e-01 1.2341875937938346e-01 1.4193867287860820e-01 1.5700926654167544e-01 
2.9927481063382158e+00 2.8282974775042122e+00 2.6390904694076149e+00 2.5103743170734076e+00 1.0000000000000000e+00 1.0000000000000000e+00 1.0000000000000000e+00 1.0000000000000000e+00 3.3414105179187714e-01 3.5356959724138870e-01 3.7891842344626619e-01 3.9834696889577775e-01 1.1165024249258192e-01 1.2501146009343783e-01 1.4357917162700390e-01 1.5868030762845373e-01 
2.9631915906897310e+00 2.8026492880774381e+00 2.6176146504157654e+00 2.4915381200075619e+00 1.0000000000000000e+00 1.0000000000000000e+00 1.0000000000000000e+00 1.0000000000000000e+00 3.3747395988230167e-01 3.5680525717364381e-01 3.8202720168958648e-01 4.0135849898092868e-01 1.1388867359864135e-01 1.2730999154675010e-01 1.4594478283077600e-01 1.6108864470422413e-01 
2.9258478194063864e+00 2.7701836783793388e+00 2.5903725210022688e+00 2.4676096695120462e+00 1.0000000000000000e+00 1.0000000000000000e+00 1.0000000000000000e+00 1.0000000000000000e+00 3.4178127562454225e-01 3.6098689332580192e-01 3.8604486107391200e-01 4.0525047877517173e-01 1.1681444036753931e-01 1.3031153715301388e-01 1.4903063476157602e-01 1.6422795054750591e-01 
2.8816550530454261e+00 2.7316771005507934e+00 2.5579771650749779e+00 2.4391042032885801e+00 1.0000000000000000e+00 1.0000000000000000e+00 1.0000000000000000e+00 1.0000000000000000e+00 3.4702279821561838e-01 3.6607547788073780e-01 3.9093390420109109e-01 4.0998658386621051e-01 1.2042482248139778e-01 1.3401125550561055e-01 1.5282931745390788e-01 1.6808899895028526e-01 
2.8316611899019635e+00 2.6880021993627921e+00 2.5211226702061800e+00 2.4066079725202276e+00 1.0000000000000000e+00 1.0000000000000000e+00 1.0000000000000000e+00 1.0000000000000000e+00 3.5314959415558522e-01 3.7202350512847659e-01 3.9664868822833560e-01 4.1552259920122697e-01 1.2471463585225455e-01 1.3840148836807764e-01 1.5733018187325937e-01 1.7265903044694350e-01 
2.7769719827425448e+00 2.6400866821666540e+00 2.4805533439241061e+00 2.3707534086598661e+00 1.0000000000000000e+00 1.0000000000000000e+00 1.0000000000000000e+00 1.0000000000000000e+00 3.6010446133936053e-01 3.7877544201667068e-01 4.0313585775101785e-01 4.2180683842832800e-01 1.2967522307651100e-01 1.4347083547492426e-01 1.6251851980464890e-01 1.7792100894490159e-01 
2.7187028933483428e+00 2.5888744514820958e+00 2.4370340778150226e+00 2.3321949131890296e+00 1.0000000000000000e+00 1.0000000000000000e+00 1.0000000000000000e+00 1.0000000000000000e+00 3.6782246506105132e-01 3.8626824851530112e-01 4.1033484476202825e-01 4.2878062821627799e-01 1.3529336580358831e-01 1.4920315981107843e-01 1.6837468482587784e-01 1.8385282713354600e-01 
2.6579376808362700e+00 2.5352914674780340e+00 2.3913236955374382e+00 2.2915867365161580e+00 1.0000000000000000e+00 1.0000000000000000e+00 1.0000000000000000e+00 1.0000000000000000e+00 3.7623154493425476e-01 3.9443196682815490e-01 4.1817843475818312e-01 4.3637885665208331e-01 1.4155017540361617e-01 1.5557657645592668e-01 1.7487320329680400e-01 1.9042650653297949e-01 
2.5956955874058134e+00 2.4802179378959699e+00 2.3441525649561097e+00 2.2495640161582151e+00 1.0000000000000000e+00 1.0000000000000000e+00 1.0000000000000000e+00 1.0000000000000000e+00 3.8525318795160363e-01 4.0319037481372488e-01 4.2659339453817646e-01 4.4453058140029772e-01 1.4842001882687364e-01 1.6256247834243195e-01 1.8198192426360429e-01 1.9760743780008672e-01 
2.5329077807299210e+00 2.4244675455579343e+00 2.2962051560030643e+00 2.2067276001676310e+00 1.0000000000000000e+00 1.0000000000000000e+00 1.0000000000000000e+00 1.0000000000000000e+00 3.9480316164997720e-01 4.1246169775800134e-01 4.3550115606423867e-01 4.5315969217226282e-01 1.5586953644881801e-01 1.7012465211741284e-01 1.8966125693328836e-01 2.0535370660965999e-01 
2.4704027188002935e+00 2.3687736586713033e+00 2.2481076830524209e+00 2.1636328646068392e+00 1.0000000000000000e+00 1.0000000000000000e+00 1.0000000000000000e+00 1.0000000000000000e+00 4.0479230061956539e-01 4.2215937193464143e-01 4.4481855008040649e-01 4.6218562139548253e-01 1.6385680664088059e-01 1.7821853531225090e-01 1.9786354249563509e-01 2.1361554862472831e-01 
2.4088994049403269e+00 2.3137818994373935e+00 2.2004205402629831e+00 2.1207823894320099e+00 1.0000000000000000e+00 1.0000000000000000e+00 1.0000000000000000e+00 1.0000000000000000e+00 4.1512733904501581e-01 4.3219285285408898e-01 4.5445858266733186e-01 4.7152409647640509e-01 1.7233070762259550e-01 1.8679066205815620e-01 2.0653260336000009e-01 2.2233497355789017e-01 
2.3490071062456948e+00 2.2600480913147982e+00 2.1536349435746986e+00 2.0786221075509448e+00 1.0000000000000000e+00 1.0000000000000000e+00 1.0000000000000000e+00 1.0000000000000000e+00 4.2571178151872519e-01 4.4246846066812823e-01 4.6433124749552762e-01 4.8108792664493061e-01 1.8123052092384681e-01 1.9577833868602293e-01 2.1560350740075293e-01 2.3144559316351812e-01 
2.2912299754081888e+00 2.2080404453566733e+00 2.1081730305207267e+00 2.0375403897187203e+00 1.0000000000000000e+00 1.0000000000000000e+00 1.0000000000000000e+00 1.0000000000000000e+00 4.3644680400178831e-01 4.5289025484244066e-01 4.7434436619891501e-01 4.9078781703956736e-01 1.9048581272337542e-01 2.0510958293125084e-01 2.2500257774465038e-01 2.4087268135446385e-01 
2.2359750762415640e+00 2.1581448400138181e+00 2.0643906182374976e+00 1.9978694622755611e+00 1.0000000000000000e+00 1.0000000000000000e+00 1.0000000000000000e+00 1.0000000000000000e+00 4.4723217652358338e-01 4.6336092993350586e-01 4.8440444902513852e-01 5.0053320243506105e-01 2.0001661971802165e-01 2.1470335138884333e-01 2.3464767023534802e-01 2.5053348673989778e-01 
2.1835624956744706e+00 2.1106721480465609e+00 2.0225818524091737e+00 1.9598885569223035e+00 1.0000000000000000e+00 1.0000000000000000e+00 1.0000000000000000e+00 1.0000000000000000e+00 4.5796719900664651e-01 4.7378272410781830e-01 4.9441756772852591e-01 5.1023309282969775e-01 2.0973395536599337e-01 2.2447006966302507e-01 2.4444873127859151e-01 2.6033780901855896e-01 
2.1342364671705565e+00 2.0658667231895347e+00 1.9829850658222332e+00 1.9238282409059548e+00 1.0000000000000000e+00 1.0000000000000000e+00 1.0000000000000000e+00 1.0000000000000000e+00 4.6855164148035588e-01 4.8405833192185754e-01 5.0429023255672167e-01 5.1979692299822333e-01 2.1954064073393595e-01 2.3431246870297120e-01 2.5430863865211245e-01 2.7018884115842090e-01 
2.0881766855505211e+00 2.0239153412590243e+00 1.9457892788635305e+00 1.8898754527294437e+00 1.0000000000000000e+00 1.0000000000000000e+00 1.0000000000000000e+00 1.0000000000000000e+00 4.7888667990580636e-01 4.9409181284130510e-01 5.1393026514364704e-01 5.2913539807914578e-01 2.2933245219120624e-01 2.4412671951680726e-01 2.6412431743061937e-01 2.7998426950037608e-01 
2.0455092303407252e+00 1.9849560694869754e+00 1.9111408957007321e+00 1.8581788569102267e+00 1.0000000000000000e+00 1.0000000000000000e+00 1.0000000000000000e+00 1.0000000000000000e+00 4.8887581887539450e-01 5.0378948701794513e-01 5.2324765915981486e-01 5.3816132730236554e-01 2.3899956628108754e-01 2.5380384722980431e-01 2.7378811281622578e-01 2.8961761420384380e-01 
2.0063167173516563e+00 1.9490866980731454e+00 1.8791502653700942e+00 1.8288542197661108e+00 1.0000000000000000e+00 1.0000000000000000e+00 1.0000000000000000e+00 1.0000000000000000e+00 4.9842579257376812e-01 5.1306080996222159e-01 5.3215542068587707e-01 5.4679043807433070e-01 2.4842827070278892e-01 2.6323139471909085e-01 2.8318939176536279e-01 2.9897978316951845e-01 
1.9706474599386179e+00 1.9163725014436910e+00 1.8498978784930602e+00 1.8019895891741280e+00 1.0000000000000000e+00 1.0000000000000000e+00 1.0000000000000000e+00 1.0000000000000000e+00 5.0744743559111694e-01 5.2181921794779162e-01 5.4057038046587036e-01 5.5494216282254505e-01 2.5750289988800079e-01 2.7229529621964488e-01 2.9221633623701582e-01 3.0796080407816412e-01 
1.9385235429272496e+00 1.8868532014551509e+00 1.8234400541574911e+00 1.7776501306210091e+00 1.0000000000000000e+00 1.0000000000000000e+00 1.0000000000000000e+00 1.0000000000000000e+00 5.1585651546432043e-01 5.2998293626064541e-01 5.4841397046202522e-01 5.6254039125835031e-01 2.6610794454699066e-01 2.8088191272745533e-01 3.0075788299792305e-01 3.1645169179709787e-01 
1.9099477979842796e+00 1.8605490823943645e+00 1.7998140370017031e+00 1.7558825280923109e+00 1.0000000000000000e+00 1.0000000000000000e+00 1.0000000000000000e+00 1.0000000000000000e+00 5.2357451918601117e-01 5.3747574275927579e-01 5.5561295747303574e-01 5.6951418104630036e-01 2.7413027714086280e-01 2.8888017405463517e-01 3.0870575851193344e-01 3.2434640241283819e-01 
1.8849097254397624e+00 1.8374662616347670e+00 1.7790424729927483e+00 1.7367189015995887e+00 1.0000000000000000e+00 1.0000000000000000e+00 1.0000000000000000e+00 1.0000000000000000e+00 5.3052938636978653e-01 5.4422767964746988e-01 5.6210012699571799e-01 5.7579842027340133e-01 2.8146142980190225e-01 2.9618376729446910e-01 3.1595655276860229e-01 3.3154382078934452e-01 
1.8633904405908968e+00 1.8176011544444088e+00 1.7611372660123044e+00 1.7201802245783218e+00 1.0000000000000000e+00 1.0000000000000000e+00 1.0000000000000000e+00 1.0000000000000000e+00 5.3665618230975343e-01 5.5017570689520867e-01 5.6781491102296244e-01 5.8133443560841780e-01 2.8799985801127931e-01 3.0269330845764258e-01 3.2241377318001474e-01 3.3794972602415768e-01 
1.8453667379584231e+00 1.8009441907174881e+00 1.7461028385668129e+00 1.7062792455094768e+00 1.0000000000000000e+00 1.0000000000000000e+00 1.0000000000000000e+00 1.0000000000000000e+00 5.4189770490082956e-01 5.5526429145014455e-01 5.7270395415014153e-01 5.8607054069945663e-01 2.9365312257678655e-01 3.0831843335963105e-01 3.2798981909920738e-01 3.4347867867575343e-01 
1.8308143686095344e+00 1.7874828480490381e+00 1.7339388303334955e+00 1.6950229298687782e+00 1.0000000000000000e+00 1.0000000000000000e+00 1.0000000000000000e+00 1.0000000000000000e+00 5.4620502064307008e-01 5.5944592760230272e-01 5.7672161353446705e-01 5.8996252049369968e-01 2.9833992457569664e-01 3.1297974591080091e-01 3.3260781951779916e-01 3.4805577558727901e-01 
1.8197106108848089e+00 1.7772040567056651e+00 1.7246422646697643e+00 1.6864144375690944e+00 1.0000000000000000e+00 1.0000000000000000e+00 1.0000000000000000e+00 1.0000000000000000e+00 5.4953792873349461e-01 5.6268158753455788e-01 5.7983039177778739e-01 5.9297405057885055e-01 3.0199193511669942e-01 3.1661056895041034e-01 3.3620328322918241e-01 3.5161822465988923e-01 
1.8120361329061792e+00 1.7700959603953066e+00 1.7182091525207797e+00 1.6804545972137028e+00 1.0000000000000000e+00 1.0000000000000000e+00 1.0000000000000000e+00 1.0000000000000000e+00 5.5186537500010024e-01 5.6494112317881062e-01 5.8200132302455898e-01 5.9507707120326936e-01 3.0455539212400129e-01 3.1915847265853609e-01 3.3872554000233707e-01 3.5411672067186090e-01 
1.8077751097866523e+00 1.7661480609012867e+00 1.7146346413167091e+00 1.6771420419522478e+00 1.0000000000000000e+00 1.0000000000000000e+00 1.0000000000000000e+00 1.0000000000000000e+00 5.5316615135718772e-01 5.6620394526248718e-01 5.8321462538052771e-01 5.9625241928582717e-01 3.0599279100732313e-01 3.2058690763080561e-01 3.4013929925774927e-01 3.5551694750420187e-01 
1.8047854734193856e+00 1.7633775470389905e+00 1.7121255181588524e+00 1.6748163655359087e+00 1.0000000000000000e+00 1.0000000000000000e+00 1.0000000000000000e+00 1.0000000000000000e+00 5.5408247391607068e-01 5.6709353120616135e-01 5.8406932750780904e-01 5.9708038479789960e-01 3.0700738790095317e-01 3.2159507313587349e-01 3.4113697933542431e-01 3.5650498591040786e-01 
1.7963511654057365e+00 1.7555588772872208e+00 1.7050416636569672e+00 1.6682484972141440e+00 1.0000000000000000e+00 1.0000000000000000e+00 1.0000000000000000e+00 1.0000000000000000e+00 5.5668402663024574e-01 5.6961917537351470e-01 5.8649593221974627e-01 5.9943108096301523e-01 3.0989710550526417e-01 3.2446600495320288e-01 3.4397747851030924e-01 3.5931762082448893e-01 
1.7814549568204960e+00 1.7417407842342774e+00 1.6925119025015332e+00 1.6566244241835071e+00 1.0000000000000000e+00 1.0000000000000000e+00 1.0000000000000000e+00 1.0000000000000000e+00 5.6133891916345691e-01 5.7413824666202018e-01 5.9083779471328957e-01 6.0363712221185284e-01 3.1510138216759803e-01 3.2963472628013873e-01 3.4908929966166330e-01 3.6437777531220739e-01 
1.7605487028093747e+00 1.7223278045218120e+00 1.6748865879691943e+00 1.6402580140507976e+00 1.0000000000000000e+00 1.0000000000000000e+00 1.0000000000000000e+00 1.0000000000000000e+00 5.6800473534430596e-01 5.8060956652653040e-01 5.9705535119993014e-01 6.0966018238215458e-01 3.2262937937355507e-01 3.3710746874212555e-01 3.5647509239647190e-01 3.7168553798224196e-01 
1.7342462940495118e+00 1.6978711649675930e+00 1.6526448838682708e+00 1.6195797028835515e+00 1.0000000000000000e+00 1.0000000000000000e+00 1.0000000000000000e+00 1.0000000000000000e+00 5.7661936682878712e-01 5.8897283883084661e-01 6.0509066996858119e-01 6.1744414197064090e-01 3.3248989420203134e-01 3.4688900488046642e-01 3.6613471888302646e-01 3.8123726845386097e-01 
1.7032803469071205e+00 1.6690311053103464e+00 1.6263633334418761e+00 1.5951091346814918e+00 1.0000000000000000e+00 1.0000000000000000e+00 1.0000000000000000e+00 1.0000000000000000e+00 5.8710241201093938e-01 5.9915000794071838e-01 6.1486875622293935e-01 6.2691635215271835e-01 3.4468924218906283e-01 3.5898073201536290e-01 3.7806358737914442e-01 3.9302411259647119e-01 
1.6684574668615042e+00 1.6365378348288067e+00 1.5966831799425905e+00 1.5674266599895510e+00 1.0000000000000000e+00 1.0000000000000000e+00 1.0000000000000000e+00 1.0000000000000000e+00 5.9935600389087307e-01 6.1104606243619597e-01 6.2629832427742838e-01 6.3798838282275128e-01 3.5922761940003628e-01 3.7337729041877948e-01 3.9224959099271484e-01 4.0702917661678945e-01 
1.6306144915902845e+00 1.6011529935688285e+00 1.5642777446515999e+00 1.5371446517943692e+00 1.0000000000000000e+00 1.0000000000000000e+00 1.0000000000000000e+00 1.0000000000000000e+00 6.1326573825842368e-01 6.2454993621258414e-01 6.3927266332279287e-01 6.5055686127695322e-01 3.7609486572164941e-01 3.9006262282314291e-01 4.0866953807181688e-01 4.2322422975452095e-01 
1.5905793276965106e+00 1.5636347365451597e+00 1.5298224256514925e+00 1.5048808382929051e+00 1.0000000000000000e+00 1.0000000000000000e+00 1.0000000000000000e+00 1.0000000000000000e+00 6.2870174570180526e-01 6.3953554920984501e-01 6.5367063734481368e-01 6.6450444085285332e-01 3.9526588504849741e-01 4.0900571870313807e-01 4.2728530212677490e-01 4.4156615191316323e-01 
1.5491389058028460e+00 1.5247086992201972e+00 1.4939692554548116e+00 1.4712353674209484e+00 1.0000000000000000e+00 1.0000000000000000e+00 1.0000000000000000e+00 1.0000000000000000e+00 6.4551990544821214e-01 6.5586298583555258e-01 6.6935781733712341e-01 6.7970089772446385e-01 4.1669594832986873e-01 4.3015625618912623e-01 4.4803988763031788e-01 4.6199331036744207e-01 
1.5070154777048919e+00 1.4850460279874425e+00 1.4573271223439894e+00 1.4367726351034231e+00 1.0000000000000000e+00 1.0000000000000000e+00 1.0000000000000000e+00 1.0000000000000000e+00 6.6356319148290988e-01 6.7337980180669255e-01 6.8618773689711010e-01 6.9600434722089277e-01 4.4031610909098490e-01 4.5344035748122052e-01 4.7085361026797762e-01 4.8442205135038108e-01 
1.4648513198488142e+00 1.4452486739387389e+00 1.4204479679143953e+00 1.4020082418340394e+00 1.0000000000000000e+00 1.0000000000000000e+00 1.0000000000000000e+00 1.0000000000000000e+00 6.8266313887965702e-01 6.9192244769524547e-01 7.0400325994923452e-01 7.1326256876482297e-01 4.6602896118502590e-01 4.7875667362457969e-01 4.9562059001914949e-01 5.0874349200099378e-01 
1.4232010468831167e+00 1.4058413912250560e+00 1.3838186389343059e+00 1.3674008918616885e+00 1.0000000000000000e+00 1.0000000000000000e+00 1.0000000000000000e+00 1.0000000000000000e+00 7.0264141681883341e-01 7.1131779604852563e-01 7.2263804798157016e-01 7.3131442721126239e-01 4.9370496062917757e-01 5.0597300697533187e-01 5.2220574839061407e-01 5.3482079144733674e-01 
1.3825302221128570e+00 1.3672694012498496e+00 1.3478576439479848e+00 1.3333486626240472e+00 1.0000000000000000e+00 1.0000000000000000e+00 1.0000000000000000e+00 1.0000000000000000e+00 7.2331149366973424e-01 7.3138475788742074e-01 7.4191811315542089e-01 7.4999137737310750e-01 5.2317951687474196e-01 5.3492366407004110e-01 5.5044248662809991e-01 5.6248706613401100e-01 
1.3432187452105400e+00 1.3299004638981906e+00 1.3129158415537536e+00 1.3001888537010167e+00 1.0000000000000000e+00 1.0000000000000000e+00 1.0000000000000000e+00 1.0000000000000000e+00 7.4448037861715299e-01 7.5193597351549923e-01 7.6166344281181242e-01 7.6911903771015855e-01 5.5425103414593946e-01 5.6540770826670161e-01 5.8013120011594310e-01 5.9154409416820031e-01 
1.3055675265793143e+00 1.2940300822498039e+00 1.2792800331205163e+00 1.2682005508797127e+00 1.0000000000000000e+00 1.0000000000000000e+00 1.0000000000000000e+00 1.0000000000000000e+00 7.6595042358327925e-01 7.7277956186412411e-01 7.8168968021858720e-01 7.8851881849943206e-01 5.8668005138740487e-01 5.9718825123490760e-01 6.1103875616023717e-01 6.2176192712774025e-01 
1.2698071364146453e+00 1.2598886898695250e+00 1.2471784989290882e+00 1.2376090745138104e+00 1.0000000000000000e+00 1.0000000000000000e+00 1.0000000000000000e+00 1.0000000000000000e+00 7.8752116862686938e-01 7.9372091204625450e-01 8.0180984587103421e-01 8.0800958929041933e-01 6.2018959103543003e-01 6.2999288621953808e-01 6.4289902893573159e-01 6.5287949638527210e-01 
1.2361073682848440e+00 1.2276498662969308e+00 1.2167876543113105e+00 1.2085915825484113e+00 1.0000000000000000e+00 1.0000000000000000e+00 1.0000000000000000e+00 1.0000000000000000e+00 8.0899121359299564e-01 8.1456450039487938e-01 8.2183608327780899e-01 8.2740937007969284e-01 6.5446678367066791e-01 6.6351532530355939e-01 6.7541454777740983e-01 6.8460626569567407e-01 
1.2045869245681620e+00 1.1974388468729396e+00 1.1882391704843718e+00 1.1812832328288196e+00 1.0000000000000000e+00 1.0000000000000000e+00 1.0000000000000000e+00 1.0000000000000000e+00 8.3016009854041439e-01 8.3511571602295787e-01 8.4158141293420052e-01 8.4653703041674389e-01 6.8916578920863059e-01 6.9741825914853761e-01 7.0825927459632532e-01 7.1662494386679920e-01 
1.1753226776895616e+00 1.1693408038855775e+00 1.1616270740767014e+00 1.1557834506225575e+00 1.0000000000000000e+00 1.0000000000000000e+00 1.0000000000000000e+00 1.0000000000000000e+00 8.5083017539131534e-01 8.5518267786185298e-01 8.6086147810805125e-01 8.6521398057858900e-01 7.2391198735641638e-01 7.3133741251496975e-01 7.4108248449037883e-01 7.4859523218864699e-01 
1.1483581678328945e+00 1.1434085582136670e+00 1.1370144917026608e+00 1.1321619786675161e+00 1.0000000000000000e+00 1.0000000000000000e+00 1.0000000000000000e+00 1.0000000000000000e+00 8.7080845333049162e-01 8.7457802621513314e-01 8.7949626614038690e-01 8.8326583902502842e-01 7.5830736239184304e-01 7.6488672393835810e-01 7.7351368215488225e-01 7.8015854238858739e-01 
1.1237111585673241e+00 1.1196695264533143e+00 1.1144398324465319e+00 1.1104644992696715e+00 1.0000000000000000e+00 1.0000000000000000e+00 1.0000000000000000e+00 1.0000000000000000e+00 8.8990840072723887e-01 8.9312067210368606e-01 8.9731178919251131e-01 9.0052406056895862e-01 7.9193696168491201e-01 7.9766453493893996e-01 8.0516844702386581e-01 8.1094358366360542e-01 
1.1013801885938876e+00 1.0981318176501769e+00 1.0939222993825215e+00 1.0907177075529515e+00 1.0000000000000000e+00 1.0000000000000000e+00 1.0000000000000000e+00 1.0000000000000000e+00 9.0795168676193649e-01 9.1063748807482603e-01 9.1414170875249801e-01 9.1682751006538743e-01 8.2437626549384568e-01 8.2926063468722888e-01 8.3565506368093689e-01 8.4057268321269807e-01 
1.0813501367672220e+00 1.0787894701874088e+00 1.0754666929631724e+00 1.0729337822571219e+00 1.0000000000000000e+00 1.0000000000000000e+00 1.0000000000000000e+00 1.0000000000000000e+00 9.2476984650834337e-01 9.2696492470053360e-01 9.2982888874480774e-01 9.3202396693699796e-01 8.5519926901106491e-01 8.5926397162506596e-01 8.6458176234440409e-01 8.6866867494497824e-01 
1.0635968663638475e+00 1.0616268689055406e+00 1.0590675180218256e+00 1.0571142479773996e+00 1.0000000000000000e+00 1.0000000000000000e+00 1.0000000000000000e+00 1.0000000000000000e+00 9.4020585395172496e-01 9.4195053769779447e-01 9.4422686276682855e-01 9.4597154651289805e-01 8.839870478